0.0000000e+000
0.0000000e+000
0.0000000e+000
0.0000000e+000
0.0000000e+000
0.0000000e+000
0.0000000e+000
0.0000000e+000
0.0000000e+000
6.0000000e+000
2.7000000e+001
2.4000000e+001
1.9000000e+001
3.2000000e+001
2.6000000e+001
6.3000000e+001
8.1000000e+001
7.6000000e+001
1.1600000e+002
1.5200000e+002
1.1200000e+002
8.5000000e+001
7.4000000e+001
8.0000000e+001
7.9000000e+001
9.2000000e+001
9.2000000e+001
7.7000000e+001
9.0000000e+001
9.1000000e+001
1.2000000e+002
1.5300000e+002
1.5900000e+002
1.3600000e+002
1.2300000e+002
1.2100000e+002
8.1000000e+001
9.7000000e+001
9.1000000e+001
5.8000000e+001
7.0000000e+001
4.8000000e+001
5.6000000e+001
3.2000000e+001
3.8000000e+001
3.8000000e+001
3.1000000e+001
4.0000000e+001
2.5000000e+001
3.0000000e+001
3.2000000e+001
2.4000000e+001
3.1000000e+001
2.2000000e+001
2.6000000e+001
2.4000000e+001
4.0000000e+001
2.9000000e+001
2.6000000e+001
4.1000000e+001
4.2000000e+001
6.1000000e+001
5.9000000e+001
5.4000000e+001
4.2000000e+001
4.4000000e+001
2.2000000e+001
2.0000000e+001
2.8000000e+001
1.6000000e+001
2.2000000e+001
1.5000000e+001
1.4000000e+001
1.6000000e+001
1.9000000e+001
1.7000000e+001
1.2000000e+001
1.7000000e+001
7.0000000e+000
1.1000000e+001
1.9000000e+001
1.7000000e+001
9.0000000e+000
1.7000000e+001
3.0000000e+000
1.3000000e+001
1.3000000e+001
7.0000000e+000
2.0000000e+001
1.0000000e+001
1.1000000e+001
6.0000000e+000
1.0000000e+001
1.2000000e+001
5.0000000e+000
1.4000000e+001
9.0000000e+000
1.6000000e+001
1.1000000e+001
1.6000000e+001
1.1000000e+001
7.0000000e+000
1.7000000e+001
7.0000000e+000
1.6000000e+001
8.0000000e+000
1.3000000e+001
1.4000000e+001
8.0000000e+000
1.2000000e+001
1.2000000e+001
1.4000000e+001
9.0000000e+000
1.0000000e+001
1.2000000e+001
1.1000000e+001
1.1000000e+001
1.5000000e+001
1.1000000e+001
8.0000000e+000
1.3000000e+001
1.5000000e+001
1.4000000e+001
2.0000000e+001
1.6000000e+001
1.0000000e+001
1.2000000e+001
1.5000000e+001
8.0000000e+000
1.5000000e+001
1.5000000e+001
1.1000000e+001
2.2000000e+001
1.3000000e+001
1.1000000e+001
1.5000000e+001
8.0000000e+000
1.0000000e+001
1.6000000e+001
9.0000000e+000
1.7000000e+001
1.0000000e+001
1.0000000e+001
8.0000000e+000
9.0000000e+000
8.0000000e+000
2.0000000e+000
3.0000000e+000
7.0000000e+000
3.0000000e+000
6.0000000e+000
1.0000000e+000
4.0000000e+000
6.0000000e+000
1.0000000e+000
5.0000000e+000
2.0000000e+000
5.0000000e+000
1.0000000e+000
5.0000000e+000
5.0000000e+000
0.0000000e+000
4.0000000e+000
2.0000000e+000
3.0000000e+000
4.0000000e+000
3.0000000e+000
3.0000000e+000
3.0000000e+000
4.0000000e+000
2.0000000e+000
2.0000000e+000
0.0000000e+000
6.0000000e+000
1.0000000e+000
1.0000000e+000
5.0000000e+000
2.0000000e+000
4.0000000e+000
0.0000000e+000
4.0000000e+000
1.0000000e+000
0.0000000e+000
1.0000000e+000
2.0000000e+000
4.0000000e+000
3.0000000e+000
2.0000000e+000
3.0000000e+000
3.0000000e+000
2.0000000e+000
1.0000000e+000
3.0000000e+000
1.0000000e+000
3.0000000e+000
4.0000000e+000
1.0000000e+000
0.0000000e+000
4.0000000e+000
0.0000000e+000
3.0000000e+000
0.0000000e+000
0.0000000e+000
3.0000000e+000
2.0000000e+000
3.0000000e+000
3.0000000e+000
4.0000000e+000
1.0000000e+000
2.0000000e+000
1.0000000e+000
1.0000000e+000
3.0000000e+000
3.0000000e+000
4.0000000e+000
0.0000000e+000
4.0000000e+000
1.0000000e+000
4.0000000e+000
0.0000000e+000
2.0000000e+000
3.0000000e+000
4.0000000e+000
1.0000000e+000
4.0000000e+000
4.0000000e+000
3.0000000e+000
5.0000000e+000
4.0000000e+000
2.0000000e+000
1.0000000e+000
2.0000000e+000
3.0000000e+000
3.0000000e+000
5.0000000e+000
0.0000000e+000
2.0000000e+000
1.0000000e+000
6.0000000e+000
5.0000000e+000
2.0000000e+000
1.0000000e+000
2.0000000e+000
3.0000000e+000
3.0000000e+000
2.0000000e+000
1.0000000e+000
4.0000000e+000
2.0000000e+000
0.0000000e+000
3.0000000e+000
4.0000000e+000
5.0000000e+000
3.0000000e+000
2.0000000e+000
2.0000000e+000
1.0000000e+000
4.0000000e+000
1.0000000e+000
2.0000000e+000
3.0000000e+000
5.0000000e+000
1.0000000e+000
2.0000000e+000
2.0000000e+000
4.0000000e+000
2.0000000e+000
3.0000000e+000
5.0000000e+000
1.0000000e+000
3.0000000e+000
4.0000000e+000
5.0000000e+000
3.0000000e+000
1.0000000e+000
3.0000000e+000
0.0000000e+000
4.0000000e+000
3.0000000e+000
1.0000000e+000
1.0000000e+000
3.0000000e+000
2.0000000e+000
2.0000000e+000
1.0000000e+000
5.0000000e+000
2.0000000e+000
3.0000000e+000
1.0000000e+000
4.0000000e+000
4.0000000e+000
2.0000000e+000
4.0000000e+000
2.0000000e+000
2.0000000e+000
0.0000000e+000
2.0000000e+000
3.0000000e+000
2.0000000e+000
2.0000000e+000
3.0000000e+000
3.0000000e+000
3.0000000e+000
6.0000000e+000
2.0000000e+000
0.0000000e+000
7.0000000e+000
3.0000000e+000
5.0000000e+000
3.0000000e+000
3.0000000e+000
4.0000000e+000
4.0000000e+000
2.0000000e+000
2.0000000e+000
6.0000000e+000
2.0000000e+000
1.0000000e+000
3.0000000e+000
1.0000000e+000
6.0000000e+000
3.0000000e+000
2.0000000e+000
3.0000000e+000
8.0000000e+000
1.0000000e+000
4.0000000e+000
2.0000000e+000
1.0000000e+000
0.0000000e+000
2.0000000e+000
5.0000000e+000
2.0000000e+000
3.0000000e+000
0.0000000e+000
3.0000000e+000
0.0000000e+000
1.0000000e+000
0.0000000e+000
0.0000000e+000
4.0000000e+000
1.0000000e+000
2.0000000e+000
1.0000000e+000
1.0000000e+000
2.0000000e+000
3.0000000e+000
1.0000000e+000
2.0000000e+000
3.0000000e+000
3.0000000e+000
1.0000000e+000
1.0000000e+000
1.0000000e+000
0.0000000e+000
3.0000000e+000
1.0000000e+000
2.0000000e+000
3.0000000e+000
2.0000000e+000
4.0000000e+000
1.0000000e+000
3.0000000e+000
1.0000000e+000
2.0000000e+000
3.0000000e+000
1.0000000e+000
1.0000000e+000
5.0000000e+000
1.0000000e+000
3.0000000e+000
0.0000000e+000
2.0000000e+000
1.0000000e+000
3.0000000e+000
0.0000000e+000
1.0000000e+000
3.0000000e+000
3.0000000e+000
3.0000000e+000
3.0000000e+000
7.0000000e+000
3.0000000e+000
0.0000000e+000
4.0000000e+000
5.0000000e+000
5.0000000e+000
6.0000000e+000
5.0000000e+000
3.0000000e+000
1.1000000e+001
6.0000000e+000
1.1000000e+001
9.0000000e+000
9.0000000e+000
3.0000000e+000
1.6000000e+001
1.2000000e+001
8.0000000e+000
1.1000000e+001
1.0000000e+001
1.4000000e+001
9.0000000e+000
6.0000000e+000
1.3000000e+001
8.0000000e+000
1.2000000e+001
1.0000000e+001
5.0000000e+000
5.0000000e+000
3.0000000e+000
5.0000000e+000
6.0000000e+000
6.0000000e+000
2.0000000e+000
1.0000000e+000
5.0000000e+000
1.0000000e+000
1.0000000e+000
1.0000000e+000
0.0000000e+000
2.0000000e+000
3.0000000e+000
0.0000000e+000
0.0000000e+000
0.0000000e+000
0.0000000e+000
1.0000000e+000
0.0000000e+000
1.0000000e+000
1.0000000e+000
0.0000000e+000
0.0000000e+000
2.0000000e+000
2.0000000e+000
2.0000000e+000
2.0000000e+000
3.0000000e+000
1.0000000e+000
2.0000000e+000
2.0000000e+000
7.0000000e+000
4.0000000e+000
2.0000000e+000
1.0000000e+001
6.0000000e+000
5.0000000e+000
6.0000000e+000
9.0000000e+000
1.3000000e+001
8.0000000e+000
1.0000000e+001
1.2000000e+001
5.0000000e+000
5.0000000e+000
7.0000000e+000
8.0000000e+000
7.0000000e+000
6.0000000e+000
9.0000000e+000
8.0000000e+000
1.0000000e+001
8.0000000e+000
4.0000000e+000
6.0000000e+000
3.0000000e+000
2.0000000e+000
4.0000000e+000
1.0000000e+000
3.0000000e+000
2.0000000e+000
2.0000000e+000
2.0000000e+000
0.0000000e+000
3.0000000e+000
2.0000000e+000
2.0000000e+000
1.0000000e+000
0.0000000e+000
0.0000000e+000
0.0000000e+000
1.0000000e+000
0.0000000e+000
0.0000000e+000
0.0000000e+000
0.0000000e+000
0.0000000e+000
0.0000000e+000
0.0000000e+000
0.0000000e+000
0.0000000e+000
0.0000000e+000
0.0000000e+000
0.0000000e+000
0.0000000e+000
0.0000000e+000
0.0000000e+000
0.0000000e+000
0.0000000e+000
0.0000000e+000
0.0000000e+000
0.0000000e+000
0.0000000e+000
0.0000000e+000
0.0000000e+000
0.0000000e+000
0.0000000e+000
0.0000000e+000
0.0000000e+000
0.0000000e+000
0.0000000e+000
0.0000000e+000
0.0000000e+000
0.0000000e+000
0.0000000e+000
0.0000000e+000
0.0000000e+000
0.0000000e+000
0.0000000e+000
0.0000000e+000
0.0000000e+000
0.0000000e+000
0.0000000e+000
0.0000000e+000
0.0000000e+000
0.0000000e+000
0.0000000e+000
0.0000000e+000
0.0000000e+000
0.0000000e+000
0.0000000e+000
0.0000000e+000
0.0000000e+000
0.0000000e+000
0.0000000e+000
0.0000000e+000
0.0000000e+000
0.0000000e+000
0.0000000e+000
0.0000000e+000
0.0000000e+000
0.0000000e+000
0.0000000e+000
0.0000000e+000
0.0000000e+000
0.0000000e+000
0.0000000e+000
0.0000000e+000
0.0000000e+000
0.0000000e+000
0.0000000e+000
1.0000000e+000
0.0000000e+000
0.0000000e+000
0.0000000e+000
0.0000000e+000
0.0000000e+000
0.0000000e+000
0.0000000e+000
0.0000000e+000
0.0000000e+000
0.0000000e+000
0.0000000e+000
0.0000000e+000
0.0000000e+000
0.0000000e+000
0.0000000e+000
0.0000000e+000
0.0000000e+000
0.0000000e+000
0.0000000e+000
0.0000000e+000
0.0000000e+000
0.0000000e+000
0.0000000e+000
0.0000000e+000
0.0000000e+000
0.0000000e+000
0.0000000e+000
0.0000000e+000
0.0000000e+000
0.0000000e+000
0.0000000e+000
0.0000000e+000
0.0000000e+000
0.0000000e+000
0.0000000e+000
0.0000000e+000
0.0000000e+000
0.0000000e+000
0.0000000e+000
0.0000000e+000
0.0000000e+000
0.0000000e+000
0.0000000e+000
0.0000000e+000
0.0000000e+000
0.0000000e+000
1.0000000e+000
0.0000000e+000
0.0000000e+000
1.0000000e+000
0.0000000e+000
0.0000000e+000
0.0000000e+000
0.0000000e+000
0.0000000e+000
0.0000000e+000
0.0000000e+000
0.0000000e+000
0.0000000e+000
0.0000000e+000
0.0000000e+000
0.0000000e+000
0.0000000e+000
0.0000000e+000
0.0000000e+000
0.0000000e+000
0.0000000e+000
0.0000000e+000
0.0000000e+000
0.0000000e+000
0.0000000e+000
0.0000000e+000
0.0000000e+000
0.0000000e+000
0.0000000e+000
0.0000000e+000
0.0000000e+000
0.0000000e+000
0.0000000e+000
0.0000000e+000
0.0000000e+000
0.0000000e+000
0.0000000e+000
0.0000000e+000
0.0000000e+000
0.0000000e+000
0.0000000e+000
0.0000000e+000
0.0000000e+000
0.0000000e+000
0.0000000e+000
0.0000000e+000
1.0000000e+000
0.0000000e+000
0.0000000e+000
0.0000000e+000
0.0000000e+000
0.0000000e+000
0.0000000e+000
0.0000000e+000
0.0000000e+000
0.0000000e+000
0.0000000e+000
0.0000000e+000
0.0000000e+000
0.0000000e+000
0.0000000e+000
0.0000000e+000
0.0000000e+000
0.0000000e+000
0.0000000e+000
0.0000000e+000
0.0000000e+000
0.0000000e+000
0.0000000e+000
0.0000000e+000
0.0000000e+000
0.0000000e+000
0.0000000e+000
0.0000000e+000
0.0000000e+000
0.0000000e+000
0.0000000e+000
0.0000000e+000
0.0000000e+000
0.0000000e+000
0.0000000e+000
0.0000000e+000
0.0000000e+000
0.0000000e+000
0.0000000e+000
0.0000000e+000
0.0000000e+000
0.0000000e+000
0.0000000e+000
0.0000000e+000
0.0000000e+000
0.0000000e+000
0.0000000e+000
0.0000000e+000
0.0000000e+000
0.0000000e+000
0.0000000e+000
0.0000000e+000
0.0000000e+000
0.0000000e+000
0.0000000e+000
0.0000000e+000
0.0000000e+000
0.0000000e+000
0.0000000e+000
0.0000000e+000
0.0000000e+000
0.0000000e+000
0.0000000e+000
0.0000000e+000
0.0000000e+000
0.0000000e+000
0.0000000e+000
0.0000000e+000
0.0000000e+000
0.0000000e+000
0.0000000e+000
0.0000000e+000
0.0000000e+000
0.0000000e+000
0.0000000e+000
0.0000000e+000
0.0000000e+000
0.0000000e+000
0.0000000e+000
0.0000000e+000
0.0000000e+000
0.0000000e+000
0.0000000e+000
0.0000000e+000
0.0000000e+000
0.0000000e+000
0.0000000e+000
0.0000000e+000
0.0000000e+000
0.0000000e+000
0.0000000e+000
0.0000000e+000
0.0000000e+000
0.0000000e+000
0.0000000e+000
0.0000000e+000
0.0000000e+000
0.0000000e+000
0.0000000e+000
0.0000000e+000
0.0000000e+000
0.0000000e+000
0.0000000e+000
0.0000000e+000
0.0000000e+000
0.0000000e+000
0.0000000e+000
0.0000000e+000
0.0000000e+000
0.0000000e+000
0.0000000e+000
0.0000000e+000
0.0000000e+000
0.0000000e+000
0.0000000e+000
0.0000000e+000
0.0000000e+000
0.0000000e+000
0.0000000e+000
0.0000000e+000
0.0000000e+000
0.0000000e+000
0.0000000e+000
0.0000000e+000
0.0000000e+000
0.0000000e+000
0.0000000e+000
0.0000000e+000
0.0000000e+000
0.0000000e+000
0.0000000e+000
0.0000000e+000
0.0000000e+000
0.0000000e+000
0.0000000e+000
0.0000000e+000
0.0000000e+000
0.0000000e+000
0.0000000e+000
0.0000000e+000
0.0000000e+000
0.0000000e+000
0.0000000e+000
0.0000000e+000
0.0000000e+000
0.0000000e+000
0.0000000e+000
0.0000000e+000
0.0000000e+000
0.0000000e+000
0.0000000e+000
0.0000000e+000
0.0000000e+000
0.0000000e+000
0.0000000e+000
0.0000000e+000
0.0000000e+000
0.0000000e+000
0.0000000e+000
0.0000000e+000
0.0000000e+000
0.0000000e+000
0.0000000e+000
0.0000000e+000
0.0000000e+000
0.0000000e+000
0.0000000e+000
0.0000000e+000
0.0000000e+000
0.0000000e+000
0.0000000e+000
0.0000000e+000
0.0000000e+000
0.0000000e+000
0.0000000e+000
0.0000000e+000
0.0000000e+000
0.0000000e+000
0.0000000e+000
0.0000000e+000
0.0000000e+000
0.0000000e+000
0.0000000e+000
0.0000000e+000
0.0000000e+000
0.0000000e+000
0.0000000e+000
0.0000000e+000
0.0000000e+000
0.0000000e+000
0.0000000e+000
0.0000000e+000
0.0000000e+000
0.0000000e+000
0.0000000e+000
0.0000000e+000
0.0000000e+000
0.0000000e+000
0.0000000e+000
0.0000000e+000
0.0000000e+000
0.0000000e+000
0.0000000e+000
0.0000000e+000
0.0000000e+000
0.0000000e+000
0.0000000e+000
0.0000000e+000
0.0000000e+000
0.0000000e+000
0.0000000e+000
0.0000000e+000
0.0000000e+000
0.0000000e+000
0.0000000e+000
0.0000000e+000
0.0000000e+000
0.0000000e+000
0.0000000e+000
0.0000000e+000
0.0000000e+000
0.0000000e+000
0.0000000e+000
0.0000000e+000
0.0000000e+000
0.0000000e+000
0.0000000e+000
0.0000000e+000
0.0000000e+000
0.0000000e+000
0.0000000e+000
0.0000000e+000
0.0000000e+000
0.0000000e+000
0.0000000e+000
0.0000000e+000
0.0000000e+000
0.0000000e+000
0.0000000e+000
0.0000000e+000
0.0000000e+000
0.0000000e+000
0.0000000e+000
0.0000000e+000
0.0000000e+000
0.0000000e+000
0.0000000e+000
0.0000000e+000
0.0000000e+000
0.0000000e+000
0.0000000e+000
0.0000000e+000
0.0000000e+000
0.0000000e+000
0.0000000e+000
0.0000000e+000
0.0000000e+000
0.0000000e+000
0.0000000e+000
0.0000000e+000
0.0000000e+000
0.0000000e+000
0.0000000e+000
0.0000000e+000
0.0000000e+000
0.0000000e+000
0.0000000e+000
0.0000000e+000
0.0000000e+000
0.0000000e+000
0.0000000e+000
0.0000000e+000
0.0000000e+000
0.0000000e+000
0.0000000e+000
0.0000000e+000
0.0000000e+000
0.0000000e+000
0.0000000e+000
0.0000000e+000
0.0000000e+000
0.0000000e+000
0.0000000e+000
0.0000000e+000
0.0000000e+000
0.0000000e+000
0.0000000e+000
0.0000000e+000
0.0000000e+000
0.0000000e+000
0.0000000e+000
0.0000000e+000
0.0000000e+000
0.0000000e+000
0.0000000e+000
0.0000000e+000
0.0000000e+000
0.0000000e+000
0.0000000e+000
0.0000000e+000
0.0000000e+000
0.0000000e+000
0.0000000e+000
0.0000000e+000
0.0000000e+000
0.0000000e+000
0.0000000e+000
0.0000000e+000
0.0000000e+000
0.0000000e+000
0.0000000e+000
0.0000000e+000
0.0000000e+000
0.0000000e+000
0.0000000e+000
0.0000000e+000
0.0000000e+000
0.0000000e+000
0.0000000e+000
0.0000000e+000
0.0000000e+000
0.0000000e+000
0.0000000e+000
0.0000000e+000
0.0000000e+000
0.0000000e+000
0.0000000e+000
0.0000000e+000
0.0000000e+000
0.0000000e+000
0.0000000e+000
0.0000000e+000
0.0000000e+000
0.0000000e+000
0.0000000e+000
0.0000000e+000
0.0000000e+000
0.0000000e+000
0.0000000e+000
0.0000000e+000
0.0000000e+000
0.0000000e+000
0.0000000e+000
0.0000000e+000
0.0000000e+000
0.0000000e+000
0.0000000e+000
0.0000000e+000
0.0000000e+000
0.0000000e+000
0.0000000e+000
0.0000000e+000
0.0000000e+000
0.0000000e+000
0.0000000e+000
0.0000000e+000
0.0000000e+000
0.0000000e+000
0.0000000e+000
0.0000000e+000
0.0000000e+000
0.0000000e+000
0.0000000e+000
0.0000000e+000
0.0000000e+000
0.0000000e+000
0.0000000e+000
0.0000000e+000
0.0000000e+000
0.0000000e+000
0.0000000e+000
0.0000000e+000
0.0000000e+000
0.0000000e+000
0.0000000e+000
0.0000000e+000
0.0000000e+000
0.0000000e+000
0.0000000e+000
0.0000000e+000